4 10 4
0,75,96,6,67,18,39,40,0,68
75,0,23,20,63,79,42,91,93,26
96,23,0,62,58,20,56,52,84,77
6,20,62,0,30,92,95,37,52,78
67,63,58,30,0,55,85,94,78,50
18,79,20,92,55,0,95,23,45,86
39,42,56,95,85,95,0,42,13,28
40,91,52,37,94,23,42,0,49,43
0,93,84,52,78,45,13,49,0,37
68,26,77,78,50,86,28,43,37,0
0,1,1,1
1,1,1,1
1,1,1,1
1,1,1,1
